,0
0,6372
1,23791
2,10
3,14173
4,56430
5,0
6,15340
7,21294
8,10761
9,0
10,0
11,6248
12,17176
13,9983
14,9
15,18973
16,3282
17,16937
18,0
19,30527
20,22689
21,12866
22,31286
23,0
24,0
25,3507
26,0
27,2616
28,5509
29,0
30,17370
31,15910
32,16902
33,17367
34,30855
35,0
36,0
37,0
38,56943
39,5417
40,3
41,3399
42,0
43,0
44,15235
45,0
46,21519
47,10975
48,5227
49,29078
50,17529
51,0
52,27332
53,25973
54,27556
55,0
56,1
57,0
58,2520
59,929
60,11846
61,12439
62,132
63,24016
64,23533
65,42008
66,0
67,0
68,23926
69,14256
70,36279
71,0
72,4
73,3401
74,383
75,0
76,2720
77,12006
78,1615
79,28750
80,3
81,29438
82,37133
83,8720
84,1881
85,18052
86,21590
87,3
88,1215
89,8081
90,3251
91,4913
92,9384
93,24351
94,0
95,0
96,14030
97,0
98,54704
99,84
100,723
101,45807
102,18379
103,0
104,0
105,5150
106,0
107,25175
108,0
109,16983
110,0
111,3989
112,10473
113,14333
114,28711
115,59786
116,0
117,4883
118,0
119,4323
120,2030
121,13953
122,0
123,15036
124,0
125,28360
126,0
127,13109
128,27201
129,0
130,38193
131,5
132,141
133,65239
134,2625
135,0
136,5998
137,3
138,3400
139,1
140,587
141,7926
142,34257
143,2758
144,6397
145,20720
146,0
147,38780
148,34339
149,10003
150,4856
151,15826
152,6439
153,309
154,8426
155,6272
156,2286
157,1827
158,23540
159,5192
160,20013
161,5599
162,17452
163,2
164,86888
165,0
166,6807
167,0
168,0
169,3361
170,720
171,1688
172,11080
173,5014
174,35173
175,5401
176,0
177,10325
178,19630
179,25400
180,0
181,6872
182,42183
183,0
184,13732
185,1
186,18652
187,0
188,36666
189,17003
190,0
191,5639
192,0
193,45015
194,0
195,24372
196,19810
197,38829
198,0
199,19907
200,0
201,7121
202,0
203,11804
204,0
205,17677
206,3382
207,9900
208,16108
209,42041
210,0
211,0
212,48504
213,0
214,8753
215,40817
216,0
217,2772
218,528
219,3424
220,7704
221,9
222,38074
223,15917
224,38856
225,0
226,13246
227,35778
228,657
229,11734
230,11226
231,0
232,0
233,26470
234,10822
235,12302
236,4277
237,26399
238,0
239,0
240,22873
241,60178
242,20117
243,1161
244,9226
245,59767
246,0
247,2469
248,3400
249,5228
250,19981
251,0
252,6887
253,0
254,5954
255,213308
